cpu  35136407 290023172 43449938 374366755
cpu0 11428264 67278276 12035936 1168743416
cpu1 5905554 81357812 9496308 1162726218
cpu2 11675543 74058184 12357744 1161394421
cpu3 6127046 67328900 9559950 1176469996
page 1313466877 1018279755
swap 2502992 5804383
intr 836975522 1259485892 143 0 0 665 0 102 0 2 0 189299694 1917217665 393 
0 1849 1765936413 0 0 0 0 0 0 0 0 0 0 0 0 0 0 0 0 0 0 0 0 0 0 0 0 0 0 0 0 
0 0 0 0 0 0 0 0 0 0 0 0 0 0 0 0 0 0 0 0 0 0 0 0 0 0 0 0 0 0 0 0 0 0 0 0 0 
0 0 0 0 0 0 0 0 0 0 0 0 0 0 0 0 0 0 0 0 0 0 0 0 0 0 0 0 0 0 0 0 0 0 0 0 0 
0 0 0 0 0 0 0 0 0 0 0 0 0 0 0 0 0 0 0 0 0 0 0 0 0 0 0 0 0 0 0 0 0 0 0 0 0 
0 0 0 0 0 0 0 0 0 0 0 0 0 0 0 0 0 0 0 0 0 0 0 0 0 0 0 0 0 0 0 0 0 0 0 0 0 
0 0 0 0 0 0 0 0 0 0 0 0 0 0 0 0 0 0 0 0 0 0 0 0 0 0 0 0 0 0 0 0
disk_io: (2,0):(66,66,84,0,0) 
ctxt 4284712155
btime 1074702658
processes 33854757
